0
36
36
327
458
87
14
72
852
682
116
1042
1192
83
2222
88
2646
737
1917
1889
2029
1724
2805
2424
1571
2754
2184
4972
4712
2192
11
1571
1756
485
2023
620
6895
2780
3045
3239
1183
539
1946
1069
5160
1202
1683
1840
5880
84
1139
2009
4984
4046
937
166
5141
701
8327
756
149
4421
4865
1407
9458
5672
14056
1142
3772
7102
3415
5503
6124
3122
2177
1557
227
17213
3085
6932
2280
461
10183
1224
2146
3689
7463
294
1105
15902
5381
6054
16288
4373
756
3017
2103
3363
13141
6950
6978
1095
7123
857
15553
393
1315
17473
4678
3485
17298
3257
1515
8812
277
2254
9
12864
21567
43
14010
16829
641
6491
3469
4857
10080
2415
2315
27829
5463
14961
2505
25435
3140
19756
2239
51
9988
4239
128
4918
5658
3515
2058
3752
7943
13475
12892
20744
1554
8731
5459
6762
4277
17344
4265
9919
5619
34217
9796
518
1448
7784
25859
31964
12407
31842
17020
8969
9945
6309
6213
410
15177
27778
14314
8878
1622
5196
31133
20965
4978
13988
22693
14397
22258
21566
1250
27863
8879
13453
1533
13950
11417
32108
4600
9309
2183
657
3836
5947
4205
2210
8772
21528
2017
1650
38658
3396
23819
15496
39137
35154
14939
6386
5196
7696
28444
5861
46193
19697
9735
26969
10164
29199
754
8248
8764
14000
48494
7603
26991
1671
19276
26790
6921
15755
32560
11542
20180
49716
44360
25173
7821
46755
30182
40786
37212
2880
7399
1282
12823
9402
46793
39919
9564
10456
18847
20369
19136
11886
54997
18642
31375
2704
44676
17133
17900
2964
746
7080
33077
4819
8352
31673
3278
406
7867
20255
29722
1015
25705
30046
61502
33073
40836
52150
3297
8333
38025
58050
294
9373
31554
18833
6574
1846
41709
14061
32173
28855
9768
6106
3974
35125
15528
11459
10512
11022
8652
10963
548
44788
52805
9919
35798
33831
17974
14169
38157
60302
32667
6128
268
4126
22199
40585
34086
26731
9766
4532
18421
8152
1433
23912
22668
1324
997
41623
1219
52611
29134
1161
9260
1671
147
4717
373
22031
908
3440
37551
10656
39869
15204
4231
8204
36982
38714
19407
29389
57603
5886
12282
37624
24749
12289
65560
49752
20275
4675
33383
7038
18229
65606
7090
10967
3674
1364
43352
27623
25219
25238
18639
18397
941
67217
2020
6957
3776
79615
1543
33541
75878
43987
27141
31402
26772
4673
26228
14511
48881
85367
18307
58501
31861
14233
42397
24816
12258
9984
20115
5893
1668
29966
4907
15977
19830
6458
23251
2611
70030
4659
15604
1482
3219
40433
15480
4516
24333
5419
23444
37677
56911
3767
26913
52942
2747
6640
10985
19531
47084
6595
29000
5800
18825
22292
24260
4526
25346
67021
44292
10590
18227
15357
10830
9512
45541
13410
29457
21858
3418
21482
17118
1662
2168
14772
37602
7949
11890
17516
47275
6527
16512
96949
39751
2970
34401
7342
18648
35782
82797
5386
27573
860
7637
46381
61233
17916
65356
11278
20874
8815
1989
3344
36955
42137
61078
9486
44855
25754
12624
8447
50920
13543
16820
31400
7812
17960
42624
968
94541
63659
11706
41220
51954
29790
5014
26433
32109
10401
47856
23533
68467
3682
10504
10768
39640
31686
66582
42769
85576
79993
57903
15036
8455
38454
44182
1744
4929
26922
23874
59721
47171
46993
91918
20238
44290
43813
668
44726
7291
7083
81147
9125
23914
54743
10779
52650
75231
7670
27597
21969
13867
7719
27677
22894
56707
27864
25341
83926
51775
1313
48967
80690
75761
6895
5091
68672
99679
18557
56979
44690
664
38011
33578
46950
19410
21040
42123
14275
92585
12921
44250
14272
111624
10137
55697
70132
31685
44354
2995
32084
95099
10200
65936
3047
937
33909
71787
25189
10027
23619
34965
3467
38624
3626
2192
30513
31980
17355
61418
107654
41114
109002
68227
65831
40834
43709
10840
30006
80272
32674
5264
19007
31791
66958
45363
39087
111513
29940
34798
1916
51960
19130
7503
3172
10113
92377
33101
10941
20570
9580
35574
5428
948
72531
66384
29475
61268
13037
75687
10339
14590
17962
25142
1
41117
10959
53588
40808
9534
1183
22041
27
23843
3052
14930
14513
70438
16322
73595
30322
6948
22689
96429
17541
3001
46860
126289
354
82284
58951
32925
5966
66334
713
113437
40127
17031
3811
18447
78594
56257
1641
5605
27821
23321
28485
41278
47988
90276
36175
66094
11575
2476
48336
121373
34620
95795
125876
121902
88523
36494
7136
3276
4791
60155
53390
46055
48267
21439
54703
10128
44012
111885
18221
94473
7663
53104
11019
39054
47503
71568
19395
5772
5002
35771
29855
389
58083
20179
47042
35047
115600
37156
81114
370
98842
23273
63113
23617
2416
611
100774
17826
34379
44091
76250
875
864
93991
41543
72828
36821
17374
48099
141031
56327
118332
4544
84641
8763
28190
558
7101
42834
105584
46760
28602
8469
17684
32482
3132
55596
42901
111218
54437
16658
22479
5910
35658
85130
102910
52554
1505
161208
111890
65868
30442
3434
101662
40256
56524
112981
162590
33944
63122
73893
2504
66546
53512
12387
105665
61635
18850
15977
2678
30339
8940
112678
25443
9250
47763
4151
1547
4376
2212
40855
79314
106190
6269
16766
43743
39631
6905
25626
11133
146015
12555
85916
20707
8436
25457
45612
82165
42281
38415
21393
63773
125564
37721
8974
84019
38563
51983
129978
79689
44281
153319
145205
118427
21017
2291
14158
34172
36585
114689
12545
9814
18295
91354
1465
4409
53752
4739
3428
2572
8066
21071
39269
74105
84125
40469
28261
164449
131987
10334
84072
1
44668
35655
396
663
22964
5805
1006
5805
12689
3073
49791
10262
157269
53671
407
36178
23950
1939
1216
1620
68142
38881
111
40614
54625
17480
24379
17123
29066
54239
178415
89334
37776
25285
10072
122000
151368
6122
5150
359
2556
4818
3632
65372
12492
23833
19527
25655
7045
16846
11289
32599
114354
6001
31639
95988
66
4418
123437
26915
110464
2806
188294
15512
80387
85924
23141
10069
2539
64050
102995
3096
42310
105363
16748
89535
14005
7737
28583
134575
96079
55492
315
52946
35041
134401
140127
63487
24976
111743
33343
1914
63884
47856
142249
45182
21972
57281
85865
81345
122062
15877
90712
12125
24964
90743
25377
28920
133137
89319
130031
57211
2135
142192
30569
107008
43789
41421
49169
103594
114798
8735
184537
41411
20503
127214
125354
13190
32302
67090
27669
693
15829
49359
33297
114433
77642
10854
87498
57642
143373
80104
3873
4183
201684
6445
83971
14081
35967
2682
21469
13325
10868
10111
87192
89512
47631
141835
18774
63262
58678
109539
125353
15493
11020
86937
10215
2291
78993
158037
224036
71890
98205
11469
122048
6949
53753
35315
16366
1228
34309
17346
64272
88669
72431
23606
86916
89642
74685
11267
104099
57192
19703
61341
41151
26413
29407
85803
76978
109037
93712
56865
83377
41084
154461
64656
89343
2906
9332
66772
21463
2370
67443
128604
29298
49632
25824
4420
4994
6405
129748
153825
144471
88807
73517
174709
58191
4071
5375
101537
67069
7926
54489
109187
106544
140530
137146
117220
30138
127163
2351
100897
8096
76773
119313
71336
8444
10670
142403
70754
37962
36666
20735
202140
10759
33576
114325
5709
116337
42923
69959
63448
74331
86655
65520
47028
30750
10957
7214
140746
833
18824
135451
33201
32841
106701
24039
110
62099
176110
50140
193408
74607
58162
103427
33649
2683
92561
79419
8345
31989
211887
43676
40387
44610
592
2483
15185
46945
1690
15989
5421
14665
154755
47070
17026
45188
1179
217218
31398
165047
12295
64550
82228
110009
1118
141938
38461
172564
110792
12515
70876
63647
53033
384
15127
24190
97072
21420
183123
112041
12027
129290
234456
43608
7922
104033
170407
96997
78802
84975
80950
65061
46867
235298
36454
106763
104519
85593
373
34944
37028
86653
232327
188921
74246
186009
86823
183015
121205
11651
169213
39563
128861
14886
51782
210292
23552
10518
48598
1633
78255
1190
13966
25480
203179
115969
120738
66512
16077
2329
22332
12991
17908
25645
193281
8302
129761
15735
57672
7243
48410
5644
29798
34740
11689
87622
33388
111512
33608
63852
20742
69699
92
138187
65987
167999
204455
11510
13996
3921
69337
38195
254721
1
73057
10543
41931
22644
55548
160424
36666
33403
73893
201092
59020
4850
70138
63678
21503
61548
48579
5285
22229
42745
18790
134385
108696
91161
181214
42744
29309
18359
125219
143858
12016
42188
133652
207388
191132
113181
43371
35077
79746
72486
28063
36334
220180
64048
12250
14548
95812
1570
101132
6447
113538
108787
40002
126258
6115
10814
26703
169013
94424
6299
171309
180498
108493
15182
6390
101618
157733
11508
57782
141556
33420
236691
138703
22623
85209
1756
130878
59024
974
93834
229
54843
161773
37167
20290
83776
79794
4623
185354
91534
94817
44852
197875
9335
43644
246519
124689
2771
30477
44264
10
58022
5101
148799
9635
213082
193468
91906
271
83768
6695
75183
84480
25297
52
129624
121157
124807
44394
26849
22831
30436
87181
125475
85367
77112
74014
79152
155412
275231
61752
147316
222550
75052
51752
50066
2883
6349
3994
188536
90773
69154
9233
71017
64731
37307
33516
37617
117542
45573
212718
108049
28790
147704
73447
11566
108212
121719
24643
73442
32973
22570
105028
25027
619
158379
130
43036
188788
9327
54614
400
45456
14115
86697
137896
275709
179918
12374
186250
6776
98146
24617
235602
8189
17531
166926
47061
359
769
23215
85674
98581
13232
46048
2517
316548
220879
32672
9963
172617
54991
164106
59454
46330
25476
148801
316582
46873
6034
53640
2314
85207
2423
155842
184019
111164
106798
81524
161016
23216
108275
14035
197804
14603
11969
2376
130606
54998
78126
75410
76837
241134
90786
46455
41406
155398
183623
19504
631
57011
67939
153516
122042
43246
38670
8417
98539
45745
74359
13063
28861
147265
8137
26043
53955
43106
154154
118567
36021
242070
66842
221822
209466
55116
217045
83075
79783
193202
12494
131860
80971
9047
41070
95476
27086
18097
215995
1840
144381
110138
1481
26896
5837
28717
39198
34182
1020
112451
23060
115320
19834
218118
58974
83945
101883
311057
108718
120757
7107
126835
90700
24004
35457
131526
138
25854
260624
21992
106372
6193
183276
51429
6887
75791
18626
69955
140110
123650
92223
19052
9618
84583
150492
151098
103609
10029
37734
266340
185598
170462
104589
138598
155569
9910
138903
2021
10916
206960
77883
5880
22980
20080
171292
22757
120516
125212
28997
177357
214036
89314
96169
200371
56563
128778
28015
291983
258121
95856
78557
35004
51719
200423
190534
72388
41535
70381
9309
3413
19485
97856
119027
180774
70499
55871
94728
72603
146560
99683
291005
4427
92652
588
5212
112227
70632
17600
182705
121336
68219
2647
4697
116019
57102
158640
272484
74708
1418
91072
14561
43254
59383
12553
262608
892
195023
29946
77257
83101
8377
56296
13128
10524
79729
92571
304779
25642
90288
214034
10184
198640
165339
40843
178667
79452
30350
48569
19267
103379
138956
88266
34046
21544
88303
1066
36667
62157
162321
125482
175026
39273
184869
37903
119977
33696
281895
292239
61086
20096
229319
75921
185659
58478
114218
66627
25343
92921
187190
151744
46494
169933
92113
36388
193739
6799
76204
122579
12404
87838
29491
354
265111
227565
98733
152878
59640
13686
86864
1515
215672
93104
178645
156281
200662
57533
70720
139379
276507
34294
128671
71077
2739
126329
19764
39091
475
108482
4212
42519
152220
48456
8541
5594
208731
264434
175666
6032
13006
67262
49530
183814
85226
213415
10002
148106
733
123778
65147
60872
109901
5449
140422
79477
325267
168162
152628
112196
98457
35165
232418
58670
91484
39367
54604
348443
122388
172874
50648
44183
14183
170323
178680
226827
154079
14915
231777
286037
67023
193880
138568
79069
35271
113488
135110
224599
146833
13169
174640
3742
5322
55779
7880
21123
255304
23582
171041
359055
258231
21284
49910
176322
77383
250452
335397
74677
865
278945
194985
29495
9314
4225
47236
2898
37424
48754
119734
5330
59978
197229
86140
23614
105472
35811
55658
60554
98026
82838
5697
131904
6717
85182
198672
178308
91456
113296
82682
164374
58910
281337
339642
27828
24828
51078
240286
44722
102174
322753
80863
97031
338883
51896
27256
5919
294801
109439
37524
19435
3071
29722
101462
166433
16402
163040
116839
22990
302907
139793
153559
52217
20786
180232
32580
689
81557
37210
158933
84356
185760
379855
175166
141381
11928
256921
68762
9847
249188
73020
51532
187126
62556
6189
56575
200582
189264
93788
361939
128821
168461
217672
82350
194587
47202
219596
28569
54931
198326
285535
982
166617
132296
47654
57089
248831
5411
40139
8868
305073
55832
328598
81746
78739
275518
91341
53215
1
6643
32748
35222
267609
23695
347725
56344
96227
364789
88207
322677
51579
355576
129342
8034
14666
2052
29259
53267
128860
10042
203111
318939
98984
73056
193907
139767
108460
98343
25624
43130
121254
279214
101242
129369
32458
88978
87817
69311
4176
5720
25524
52431
100803
63886
127504
39596
222623
79953
49085
6664
949
26056
32971
13544
311287
63855
1048
30631
71088
45345
87919
8165
107499
10276
95535
298242
177895
143574
20895
56003
56374
138193
120139
91791
54183
59734
33354
3120
75372
11910
252
36386
25450
228812
5492
3903
318892
315489
134254
435450
51863
79094
56465
10313
174066
103048
107205
118364
96076
17488
9974
39373
52237
144920
54335
20255
2410
221982
53579
3111
90938
9767
304101
16833
302114
262030
25455
313682
8437
12326
53607
102001
5248
10616
82517
146264
13594
25287
61354
216126
87781
354169
33506
108279
193166
56478
101023
278947
327146
243703
173869
110081
11224
92843
55998
414081
81914
210595
192279
324114
131264
90458
13019
85821
142650
13982
25488
56215
138332
6638
388422
148637
61579
40727
57807
12919
38313
99992
4211
165561
10944
84893
5036
77765
17025
5243
10709
246714
21579
79941
43211
337100
96566
261455
211574
247005
24598
266532
222443
129944
18522
433980
306091
24572
162657
88883
11735
287550
172598
88710
313523
205854
293
185363
312362
33214
24403
56854
60707
175354
23835
133713
109227
8002
2182
27082
53894
227632
38866
56221
441689
282507
259850
2903
81050
223806
119925
200908
103515
58739
75769
89994
178536
30124
196416
3644
9389
103305
243243
203481
51188
71625
8532
68499
184587
373733
69642
26822
163837
438317
42862
292167
121552
14812
374614
94465
38420
3484
141306
83466
321347
101727
66572
20193
155898
52063
12461
48713
38952
176146
39010
47328
113952
64109
47641
92914
157494
213066
219405
267712
12501
47025
66075
47346
4609
109650
339374
145802
174545
79739
271992
55965
28540
152955
26723
26481
86409
78250
51535
125863
17114
9204
24728
179383
222031
1649
94976
103599
25784
764
53922
21698
155790
68616
8497
258732
22693
28980
168482
123895
4176
304552
37006
20003
68944
44251
72366
35556
125987
62768
175652
158021
10496
1611
37313
16679
103112
68497
17294
31991
76545
403568
36749
124548
235870
14520
834
14179
253724
54033
109445
38335
140682
204797
58698
130655
12995
224712
275768
412231
21107
10876
84426
17446
17447
34386
314041
2229
44432
117747
426770
57178
14717
426656
298254
159085
88440
154410
136450
180071
43072
32842
12072
133058
429552
111497
295134
322987
157396
12298
361617
301942
103149
62543
42205
100593
14227
166881
5830
2537
53388
128398
298293
35148
189144
213618
14053
2509
215777
11363
392794
198713
12994
39835
113905
47614
96709
7499
37055
126147
400867
21747
83125
143404
83379
26985
2830
58732
47988
67417
14268
33761
45516
64762
138580
67477
17420
59965
190631
10165
12219
103364
241322
87981
126737
253491
27151
75070
1923
279925
1657
56251
25498
293412
118603
16082
36389
263967
434479
247765
318096
88227
156146
391843
225029
367906
655
39304
50844
14124
317152
186062
137742
66693
148997
200639
175160
289118
16144
221136
9143
35842
262597
203464
155944
55558
25238
61971
24995
56134
128133
63680
359
141862
62924
1615
336446
356629
380095
861
20548
5885
362778
133122
3647
9552
150938
90142
64795
172736
225433
14025
3329
126
19679
21954
453884
163894
150593
66857
5764
121800
9824
4826
68749
53480
211540
148801
70361
27340
273132
5511
120733
181457
186282
307145
76376
157755
98181
335118
280324
200522
257414
239710
3215
68479
3254
308915
186939
17445
228378
119258
39843
80900
479449
2049
401021
119623
126586
384971
247667
7802
51131
270732
58606
7955
156444
101648
234794
255576
20085
277499
62547
114873
455676
385089
347598
172321
64164
302751
154680
314853
178643
47695
35491
508147
392447
37001
1062
149710
52308
87570
150867
93558
11255
36375
6799
43014
224881
364185
227497
176387
72423
10426
200578
24839
224904
142654
36387
137605
107836
103
50111
112956
231254
451100
130806
176140
465917
24680
134130
153918
29853
14679
5945
469022
159869
101
76442
59152
30852
120174
5955
48530
1024
7662
42809
25132
36899
81169
474704
232450
5636
48698
5159
23941
97214
97326
95341
86539
502265
123531
11357
39325
11236
328480
61388
171263
127386
156852
73054
1844
136695
26582
177632
9825
15176
285139
31392
199871
259
371816
21562
23133
294508
200008
67735
24147
1090
105183
61680
301059
268160
219433
48844
3633
244873
190119
294937
158973
91976
225269
87289
46069
177476
91445
24856
299209
73862
23932
127849
17578
247141
183270
101312
14872
28204
30577
4939
31851
34623
262802
332567
467095
167858
132484
36107
121576
41735
61058
152364
77291
65655
26510
40167
368674
52823
76226
348563
14278
198752
8916
308993
246582
62483
202722
261801
169555
73478
340189
203723
572917
284900
375882
66670
170220
208534
203763
127952
285827
17037
419748
192420
108684
297377
3440
4784
11632
13248
335813
231788
59105
480504
203285
450776
493529
11542
2887
202182
141306
327671
122274
125815
429656
233596
174436
96716
73202
341185
53964
109122
288736
318926
4375
107590
184939
347390
50995
706
39952
306012
169038
205899
184342
10111
13556
337918
322805
68399
180096
320256
70667
269022
221622
379930
247392
33831
261556
151162
974
90138
319413
191666
23774
12217
276605
133512
3579
478741
466993
142533
268185
213966
58881
169694
386027
336934
126731
101873
4799
208316
23648
335995
451069
28167
245780
2714
37238
256466
97751
115802
8257
22344
1502
88126
57656
108190
352353
21420
125429
336833
50154
173976
57321
169578
142148
23073
15961
307087
16767
258033
150712
128048
10968
5085
94578
39504
68899
172197
220517
210261
51829
271817
234128
455797
265082
9446
81167
52281
156756
221182
27066
27475
94611
72505
286974
359009
191364
101775
115481
19544
113514
131140
355320
101357
143670
244974
21821
75011
16467
87041
284313
79189
73184
539060
112976
29336
1598
560360
433927
185921
385275
23242
14718
262150
133761
64293
1170
208632
7577
180616
41131
6830
217782
1653
363986
191836
2975
19319
88875
109674
421399
101430
229816
465501
3201
49483
34114
424109
188019
414121
3443
267440
71518
159886
380257
13009
367169
18709
312419
27761
235290
91999
199800
11737
93043
171391
39993
289773
293472
67842
135248
299827
85547
10507
253044
705
126134
350760
65096
4367
294855
52374
130577
15745
246765
131946
198497
50519
447513
349329
294874
3112
152819
77982
21497
122118
56031
348807
197597
254411
29137
99465
440831
102568
156617
151174
102223
145524
52314
19190
1653
189675
102181
45000
390530
20011
27553
279
76562
11547
28038
93805
6839
65982
82090
83067
226006
39330
34692
76149
177545
34075
208602
26191
471502
117972
82976
3914
164876
461685
322140
420750
126073
261885
58241
133290
377145
92089
107480
307515
313624
82706
149100
333556
35638
74292
389829
2463
103332
40317
19448
168540
36517
547887
247899
155122
68679
10504
306912
275929
24957
14198
338857
107175
384281
51152
28778
49094
27865
40336
147096
31988
10769
28370
391791
217833
114544
3997
98839
87305
588
165883
151601
62559
21207
532881
255525
87179
312830
335477
96593
483538
77395
541444
240040
100262
51630
8756
128397
20136
4470
37670
287654
33868
498067
425345
156390
250704
146326
62670
18005
184862
53751
83596
306529
482741
102820
154333
132869
106073
150921
313122
323592
290500
183847
234872
58056
102519
72511
14127
118806
542457
50520
118957
508034
400
18166
88688
51130
70927
284752
48273
20265
171298
492068
113345
9503
427184
108083
33981
172540
170340
96216
40211
353080
264040
288190
202244
164364
42521
19481
494032
240433
379298
68892
31682
430549
470690
507848
33291
107549
407614
125110
140603
152725
361446
8272
137214
57173
442400
319425
78573
236340
116579
6424
62394
329505
62644
125336
32305
46082
82332
181275
252127
62163
62122
497780
493820
103234
17411
561075
116807
96573
278995
203680
37640
82713
352227
48975
23829
235570
120895
96786
33377
233266
125143
1184
209985
235845
285323
104937
19711
106994
32389
601816
20544
16157
45906
64903
237827
234173
136465
491933
325823
166010
17606
354922
103605
429928
1707
196955
187577
14819
6797
146018
63504
175777
109023
37279
333206
232815
4796
216952
230580
70538
283182
198422
192406
347549
31420
34864
17319
165076
151194
104312
18133
113709
1672
28703
4325
160780
127756
238272
141840
126615
26928
4158
111819
45777
170691
37072
237356
337418
369918
97782
75204
74140
609069
351267
120639
14502
72788
461220
588465
135007
428476
308432
479792
1
253318
61372
6955
12132
54964
473567
70693
13580
7854
83882
112016
96187
393483
193240
67220
255629
129724
802
166450
388578
9255
109143
552488
240364
427729
179580
36940
151945
35276
503394
149791
653879
435986
73675
80369
361551
159218
38503
280510
28230
148851
263411
3571
450038
5688
47695
180494
84780
11045
406508
495472
43116
542282
183662
27450
233637
1448
40261
24325
692264
1
108818
50779
421112
37192
35815
41690
98847
334033
28819
138157
39678
64152
649294
34928
325964
86128
74533
32120
263766
289312
163876
183190
66979
14629
64202
9638
175963
213138
39090
167193
101052
129593
85725
284176
363118
282549
55422
383327
3318
200113
1693
11752
366795
609710
51387
106374
95872
83446
315816
41360
187737
183408
532570
616548
63317
18686
23800
99656
264639
12926
278385
304117
27623
167117
952
99375
10269
88034
39532
157330
29803
554081
271495
87807
102083
26324
535221
143984
115247
2608
166934
305544
69245
121581
131231
251535
480392
212160
114791
201632
163114
523608
5055
96990
70159
80711
285988
241095
326597
9033
109838
156286
16482
127160
42617
237498
28039
130487
582878
74031
22234
54025
21492
48246
197875
210894
318735
357677
58242
14150
444
82273
120744
606856
33586
43946
282676
28700
196856
594553
84242
31716
200617
486521
513484
535754
244886
36106
252274
116037
61729
69348
343784
21012
355349
44694
116478
165725
614365
263734
241047
4539
176683
113421
218202
231298
20970
23741
63352
90382
239295
101327
160364
346620
20094
217286
71852
103815
14997
349018
256104
375425
461491
467926
144835
191881
313565
92684
398535
341789
151685
199370
109242
41276
56139
48493
239821
295261
21626
245147
168653
152247
31361
1972
96304
319620
20786
157464
603305
128506
503053
24677
8052
192950
547799
58836
108167
236774
248621
641510
360867
190677
547853
274887
600149
168936
486447
377619
65596
225
151290
55754
22122
432291
18969
78456
17494
148078
141299
216249
128630
99411
542259
295987
666801
149182
64558
9579
152895
217867
138021
221366
30113
58419
22573
44733
121537
209355
269063
156551
429014
34210
443275
59055
80902
507525
544751
317112
319928
380488
311595
92721
82323
31988
372724
324592
340610
269158
31460
132430
238330
266349
56869
250639
230326
200088
134339
263902
167433
571707
558771
178924
140466
83490
366038
387182
342713
362239
631919
605195
8718
64240
395234
299407
108635
39818
241697
164760
221294
396195
11998
218324
77592
148385
287001
146116
118073
208927
63343
45443
524001
549779
248182
125961
92700
184994
16063
355920
198991
229040
50627
515136
17381
184815
37742
19277
8876
65853
30757
59600
169566
141808
38627
91922
338087
104525
238364
66774
77027
155336
515599
353548
30861
211111
125955
114798
143395
30663
32515
20642
152977
501129
408177
100163
55844
599701
133385
42135
144107
441622
4256
519003
379742
55785
137855
199342
401389
62931
320966
28053
148713
1820
84133
517698
103876
269184
336813
223981
170603
397639
87585
81683
138266
624393
509694
135785
194489
185247
138982
2117
5654
488530
52966
433223
29810
55028
141406
200083
48515
186957
68261
415473
7140
15794
337539
186950
254242
317471
222646
212451
361101
14424
222714
2300
32993
285924
61969
85355
51130
453210
8717
392475
4664
227057
139014
24046
59446
331508
658179
178474
62747
64697
116683
317168
613535
552148
404045
772736
337841
575568
491508
26791
166809
6875
21838
89600
165149
41507
289932
20139
332910
27902
10977
53339
58717
84017
209250
5177
500152
65660
368057
338472
4530
14158
23036
265799
235379
44458
70580
6519
252356
110740
277296
85248
123396
108541
462657
580886
119386
160533
111853
9232
124071
157389
184317
88359
109623
302690
100854
342199
168198
138066
874
194639
520749
51091
116098
13531
189740
14050
31588
390351
28706
86350
137632
579896
380958
43787
99061
538999
12461
473025
186065
21884
535693
60873
79172
63532
269171
20248
99210
104742
371593
198246
30079
58073
13367
47946
139288
458585
73780
207466
35886
532867
184542
1267
229677
105610
405537
207341
68660
103209
26727
622643
2188
702972
128593
409895
28084
29047
326478
24528
309490
536855
157064
419615
143627
663887
369921
151895
606970
354322
5324
641079
58755
91
264247
620172
396271
621118
83501
46635
398799
195641
168459
182435
275710
79849
549930
327100
31137
79883
198249
267340
70904
43225
34831
322281
457958
21013
495280
51320
227229
399693
489
96339
2667
671606
668113
36912
188076
46276
200606
377703
162246
156676
45539
284648
79236
96156
150170
306559
166326
345695
55849
124266
344075
230813
91088
73173
397553
39212
233544
366957
122743
78796
160302
5865
47445
149858
456487
449917
230182
68653
129041
88601
396002
218122
44508
7281
227425
382551
618527
375830
47624
473310
698397
153950
577043
40004
1
366
133903
240504
75360
62779
349731
69046
195055
10318
414671
76657
139292
753535
3726
476309
425349
98314
628832
91113
379591
1550
253440
220180
153389
21632
427537
244828
2538
123564
203871
350640
67238
163263
392265
60805
605396
13422
432912
690061
123929
651901
211311
3279
387770
1210
287621
369375
33733
72272
135819
311500
438202
65109
142727
418458
61882
244345
54441
128988
300186
158137
135517
398801
347288
429041
27006
318489
58608
604938
185942
403488
270609
288133
131881
549033
407931
128641
87988
264009
18958
85566
290696
448451
521663
40370
261994
82748
255912
54308
158878
307810
515159
462917
76303
27067
51905
411466
226128
403027
328150
42900
210575
158806
150884
558531
409171
37572
178375
234107
26787
46562
660744
386695
310323
120738
111261
240926
498907
321970
237956
126874
230928
356688
600336
180090
231424
44879
58797
570134
320506
3884
488284
9979
211869
151830
20119
504972
126527
159158
93033
272842
247346
21596
156098
53296
695066
492180
70656
283520
372022
210983
84200
493372
3676
183315
67078
18920
28007
163099
67993
328970
274443
338507
255016
731669
211305
46080
4540
489766
236956
131355
6155
440669
171056
295280
361967
10053
236690
421497
793104
103288
289236
118429
59747
51683
6600
45096
48829
67610
79920
279733
162254
18088
260809
11674
537376
61828
87992
99056
50443
429235
337710
220857
106502
264949
63440
765772
8540
12280
510300
18783
481572
373345
218720
61566
686630
633539
97045
210471
13256
261007
86840
36057
31913
674271
476018
336480
275672
114177
118101
210066
128820
69593
235492
242252
13886
210039
26287
72269
85949
24743
142633
119434
133009
8350
161662
4763
110690
258613
178813
814934
44278
368360
210717
207702
147470
147104
64782
41761
27099
108338
206026
222622
9291
362722
346865
228109
451855
96134
467470
434047
31443
141955
3384
15888
212564
145101
111240
397081
561544
139990
472898
5735
566636
12463
14445
38126
521870
262337
183631
117692
52126
248194
38736
92861
131780
328812
95313
339791
866440
106857
67469
243942
402982
94357
191628
208519
375386
146076
405611
114469
382238
325161
19201
59786
16958
207731
274840
350547
173172
72634
171912
16675
560160
315289
42066
520964
453
100116
61818
20032
110950
3973
300703
20202
341259
73215
395050
127478
20451
472841
68052
536006
331944
17926
25795
5384
151018
160747
270415
284703
219906
239964
9175
180925
401328
105460
2133
22899
155378
713018
657089
340164
7457
57014
449231
510328
218647
46288
80442
518235
11251
98446
316729
205877
1354
97021
91807
71452
149267
60263
494060
20620
10909
309943
617610
456360
39103
518318
85262
31526
45959
30992
484424
241878
609570
84291
624177
715952
240650
32958
27325
343251
453098
679052
560088
108506
1
230166
104408
197079
257862
87515
670499
294907
122058
3183
25431
32273
38310
37152
24746
267748
413890
76812
11804
235523
223701
63891
88914
47751
199355
201757
4060
27241
215279
22980
137551
49898
19914
148364
55068
276466
84623
94672
89614
57283
137340
441457
509012
808722
314008
29489
440766
435447
740855
814843
93058
652937
1
205274
150867
9965
191628
306338
567345
800372
456186
170294
266845
133081
31638
111458
71148
252269
418199
116021
22687
2146
41354
278580
198912
290809
44309
304907
739138
268307
186649
186027
202406
2133
330066
342427
671856
43171
23522
28862
75187
148731
214286
79568
474153
803713
110690
202299
36675
86328
779038
63441
276548
406875
7734
482548
132611
75127
753552
406772
321960
189708
32908
45537
241031
326569
572433
7778
341543
155427
31905
252649
126390
53097
87974
357218
147728
622094
174465
89543
421190
236139
284240
37519
389559
157884
597759
350041
107532
305480
175017
149799
2210
4251
72861
188998
150045
48378
31238
34363
255484
174392
673057
152603
820653
229564
53692
122523
840172
626697
95159
4499
21639
161449
178912
27150
25964
47056
597143
348634
25627
892238
195272
390984
499219
438210
820515
79605
7601
166079
243103
334975
18707
181672
297537
241723
51215
536870
453300
561952
367239
6690
512845
434790
79667
103360
395472
289167
503633
124147
418504
413693
755172
773422
208400
338175
686208
499541
470562
495192
184876
786404
217582
35867
189623
140469
5279
196741
160095
344765
37187
351050
102428
86785
368902
156586
443136
246077
29642
23598
432270
208506
374155
231764
144033
838866
70859
88001
286636
265412
139027
124181
688629
107218
358245
75244
114820
366916
350189
788
288240
488088
46804
588759
44668
87340
213695
29803
836513
193549
705626
403122
277436
7472
233792
573350
257300
205378
1724
26973
59197
1312
613004
788171
423260
491001
1652
385927
11765
98322
214616
270101
86649
113678
250812
736965
482237
8663
597187
421437
235970
883516
78683
462833
334539
19267
61459
57996
227575
166485
10402
13994
178090
248972
165571
640984
46587
246665
140231
226310
532511
354303
305591
303805
303524
161394
54297
94589
230404
564873
692417
460702
239034
77958
486762
179140
599225
78254
316087
15619
266402
223812
373261
1
254943
84380
52348
143312
242486
181550
4300
659787
438424
268981
320191
153145
824755
125829
140537
30650
7398
152164
571698
192196
5920
682129
289331
41474
81725
62781
362883
102307
14016
193828
51
533199
399327
86706
34216
274846
114469
630233
718058
179673
247093
249209
329772
571369
218517
427571
507761
381
56462
206523
247305
1758
65501
48914
4444
33628
594213
13245
411195
303978
483509
3826
131134
254546
568996
349121
135331
56022
42522
37055
633718
158949
84222
438150
316921
14383
311325
650920
776813
702945
9437
55062
929131
237208
781963
204067
129205
59408
32119
542266
1531
119209
123088
343228
587768
2447
274
259152
894729
540338
911156
606255
100849
255189
182179
117078
138703
109468
379335
978130
923438
149873
230579
395451
65361
554346
422117
65200
7169
37560
668086
188997
351054
328297
284576
221386
48968
66480
4980
616033
184830
737004
29587
486355
584725
43164
138513
84534
316126
23159
26076
170016
40974
28014
45506
328300
44846
136506
539142
281597
261591
58826
237571
343710
91633
196307
83102
223180
214239
307573
2968
62826
109086
561279
291810
126375
620607
171197
33462
5339
192323
22993
312463
659905
281590
1467
608197
106119
627320
4183
625226
85242
299006
143348
121339
78649
113681
2483
94631
666794
525074
261776
43655
139599
37035
279088
317863
189185
582658
358355
307915
411867
1
279765
255662
22542
220105
80155
624941
435103
576694
213997
142342
328378
110487
223855
677912
54349
501352
610371
57583
332862
642242
281599
41017
433431
10341
65759
23522
399535
121826
289490
401064
92383
39441
2023
182550
4774
139810
217125
31545
57313
26318
214680
407441
118376
158873
48766
6358
35479
163053
48547
571971
175023
298455
406125
651872
205388
40733
117550
674553
1526
2272
325230
86027
541796
853446
232141
9715
401546
154894
98839
475272
738391
43585
8153
34067
609396
120384
120175
533182
129263
193036
74806
181374
72967
227368
665309
13762
476242
503699
82187
824610
170762
706226
540942
10238
136411
204120
902696
230662
675479
815117
203365
532884
528154
178178
198577
44060
132932
522960
270024
153845
18219
295026
27397
419936
506865
49758
56401
329455
179723
280131
636413
6814
336823
239166
179278
198098
489377
471237
18420
399737
2603
394136
112212
16652
165086
576164
119286
88746
105378
121369
245699
552818
489048
170912
593373
357163
188780
140970
271261
84705
508399
527567
14473
163003
34548
122602
22618
480594
384306
323200
196650
402105
632732
191198
22717
4460
802380
454302
49360
91431
267477
525429
218508
172269
434235
351
4840
245126
526673
253563
646677
156147
150109
1415
480585
432020
57214
667329
272042
274846
798
899906
430341
475184
60781
242669
30331
123897
421394
862513
323922
191815
30591
937639
966589
109956
25651
104951
89602
692812
251788
353833
120683
30239
76956
356332
142836
93783
579918
294506
290889
11666
618957
20176
85958
16600
118433
280469
773305
50972
589935
551859
674827
464850
352144
46757
177344
84358
447572
35201
738911
532737
442236
379202
675287
117698
319585
239
268336
958842
638395
113196
80048
139294
81115
28692
12841
18402
24536
139510
585
376141
265130
3986
193651
200499
883882
41734
464661
974817
421302
379664
532308
32015
234479
467156
59377
171288
63178
458284
316759
129863
285725
625530
352921
586307
54211
112076
181848
143562
623974
86503
142501
39823
288723
829048
698216
38808
155785
168297
499205
153919
166946
28533
39269
11912
118005
914101
349888
50455
648790
75827
362821
138395
212135
357472
495847
242356
283818
341975
9415
458002
310485
76315
301151
684323
730152
128656
162880
16434
475764
256148
739522
185492
245583
175828
349080
544142
490219
253504
125907
11562
546525
130455
149758
182947
300505
249644
585668
18940
353127
1019814
412185
189135
49081
394162
291651
452241
401362
244830
23316
97795
678483
255663
217071
401686
526323
336541
480414
463697
5811
403612
436373
744682
154523
28118
9791
130568
104102
62525
9863
417134
45564
397713
610505
690877
42290
568213
57710
203945
19109
464745
692172
12698
55616
15661
583110
99092
339183
360924
605754
98841
527998
638879
189909
99325
81085
13313
663691
610896
488142
206944
248383
39394
826424
1577
236070
358996
466999
184115
756830
317666
96412
31701
621517
467403
204193
58555
490804
108767
229858
491340
240684
50050
99074
40723
1356
236182
79765
3962
85938
108194
60416
47142
6104
201836
301994
193906
238977
81890
100217
261169
30437
637286
274147
24023
230130
57399
452503
748626
95774
11088
575257
376630
354669
497624
701041
259226
29217
296267
219625
60487
478170
708573
436237
160497
337438
262404
375678
432655
140974
336192
489866
210207
599220
411811
6364
278977
932518
621953
259680
519826
209887
35838
395698
457452
282611
294172
94699
48769
431983
505845
186797
66447
34786
132487
414859
145112
431410
122841
12799
233289
433532
144646
40196
610865
26933
707857
108750
232332
271221
909646
494274
392685
114698
81212
143287
42824
64021
679219
222863
312627
7960
213175
682777
211437
652237
308380
127218
262860
159236
692917
247784
1954
776775
20904
547986
240317
199856
128532
425669
324538
88998
459418
12733
928214
430355
563602
109051
543000
595766
49592
819917
632282
337914
8147
311035
583501
964269
129060
635866
471630
546176
803831
410074
253159
520687
2123
197531
92219
388115
356010
558512
143038
1041456
112731
235555
784236
325061
359766
219688
235103
335910
60399
116550
434235
563750
131667
804818
41970
11685
88860
223449
203902
888701
68015
705221
64021
479852
47881
265649
85564
281381
119646
106708
99999
211588
376932
146867
706013
180075
6169
2273
110899
961405
70162
288198
151247
344035
236736
73986
234155
575373
1126518
821274
67029
302921
452477
70958
942307
833586
356036
224623
350581
213392
154937
1088683
3406
420488
1381
270325
132357
330930
20043
520652
264888
68358
59378
33874
220103
121092
466138
21365
35999
290816
623237
166811
87299
436046
541382
329472
744725
446275
701385
922240
130826
244214
142164
68905
288478
449251
500368
26691
360884
729229
483370
202889
180419
7940
209384
28167
840005
339979
56137
584269
660789
37282
469310
511805
645363
520807
218834
186342
288686
541620
186873
395259
13018
203264
445341
40274
28518
68668
176918
466188
171863
126865
467398
395209
101346
408809
176717
531
289630
74580
557032
55545
418307
161063
39630
85163
307984
297611
203017
312018
291927
154282
223773
62921
652376
136994
146747
39132
111718
295831
3376
259925
152694
636020
140461
223836
476627
370683
270479
47342
52865
8542
804959
484863
1618
99888
492035
213488
402029
195020
541301
68479
173721
23298
360978
825363
81969
683213
544132
599606
290336
548137
1
832353
185043
217986
289009
394921
354273
113151
48861
740102
198366
506590
282460
490216
225398
458556
253258
768424
3047
443569
86720
131531
67363
155018
125669
1015
1027773
267419
274179
342122
286594
15761
5014
79055
352042
302715
504924
434274
780130
7329
626238
285291
39010
26897
206797
467461
106134
613
134769
535229
5343
18789
44422
216080
719388
469634
648750
806461
24861
455744
244020
362605
9280
275198
125839
39674
16297
633508
1021618
64385
152790
1124698
251151
5487
93168
311112
234266
9555
203548
806269
151633
421502
490657
70945
65137
706729
510977
389683
511784
933192
46464
399992
668117
407344
16673
268397
176333
33467
333457
166339
74608
212853
132784
448511
533859
112678
55061
78176
337622
803487
206481
173022
360581
105815
838820
259357
146065
456958
777384
109380
607437
27646
410263
359472
406287
310885
470154
857769
37731
132688
1037848
70263
1020796
93742
930256
181946
464835
311475
386551
28150
404375
167757
98104
511171
48999
469346
61715
74969
681849
1416
132445
15149
234393
218123
100970
137710
713357
122276
266498
24576
234819
759412
178844
593629
303220
695184
446449
182609
234244
9911
652490
34282
940676
724566
65791
176908
32728
486009
269656
284199
392084
103249
391221
47108
18882
51212
927280
375220
714150
152398
58337
39467
505495
122827
286818
14266
95453
302723
335778
124931
656106
173723
46134
76315
144723
65189
144362
2288
96917
194883
127372
1
565864
231166
584315
433274
506358
17777
615413
1010308
725444
26826
105777
36875
474021
760462
116287
390249
661019
9136
262531
30120
16497
158852
84409
98500
300772
336735
392641
11611
499752
48668
235558
74664
292196
965324
23312
4710
214239
1008826
139498
195154
968923
536254
572935
521330
729093
160748
125639
36251
812454
28115
628183
456127
53620
42503
749526
166350
342549
428732
165820
296831
311026
254616
354559
626134
46368
369229
836533
127310
83968
227852
442786
740478
342508
87259
865272
28367
170654
295315
771489
8455
306279
9274
364880
146326
220169
295547
170015
115463
626906
162881
910994
434530
326142
4226
191945
177854
449500
899754
280624
133114
38682
288539
26423
470115
40400
484672
57650
476142
416581
370476
345682
486897
128313
16574
161822
1178650
192940
652686
98100
26327
1302
628477
208122
168707
227519
550532
47587
1
45395
58531
260311
152601
503458
203976
560533
677303
3637
20082
153994
50474
140363
376964
117100
572653
864665
759697
346743
376357
27964
62092
187330
97879
453895
445896
80902
222264
264219
671645
135764
498510
516619
40403
492847
709353
161747
585999
918088
735505
389678
135240
593591
2365
161365
53688
396663
950896
349801
165635
224907
382435
16135
594056
3282
300888
610276
356755
500764
383032
1085380
78646
916671
341270
380289
50905
751
761978
597240
275587
141074
574314
79678
470546
63047
467810
2192
810777
417791
600320
95559
386344
561486
4492
367136
607520
71902
25027
759291
640559
343901
85993
422012
289021
134099
120054
157058
11926
613881
27712
337676
347362
237604
7664
452557
283013
44889
209584
158264
603679
881030
578334
200499
429190
13034
651008
243573
2385
63142
306952
33879
632664
263447
298855
1488
338031
212180
87659
66610
650027
381501
102448
608083
182311
241886
253477
570737
482437
123458
297945
76195
6321
143320
404344
97137
279826
44485
82565
58174
101629
289916
28826
1
120287
1497
107147
149504
789199
772
462881
31179
245113
587442
572226
803704
23487
611908
149353
51841
127579
477317
70142
38524
330585
99244
421879
856986
557678
152471
1010792
154071
31754
225857
473449
185313
217689
1064818
834471
336157
850679
393914
50552
193929
65665
695564
57536
279297
94579
230931
111870
343429
582436
1199694
624796
292460
44340
424220
20977
64963
30545
383862
561122
894822
371991
21526
137259
52985
324257
630033
475009
19094
6913
398692
165756
318871
1192506
359083
164613
396102
62302
257757
497077
46399
39008
125662
187019
228532
41586
457197
162435
602626
208756
275113
142608
27222
203109
505237
27848
55715
122956
18261
1180605
134331
59984
247546
382993
45415
166377
264909
174164
107045
203567
813173
841968
109919
986563
193541
108201
118527
27759
44334
853022
188491
577524
48124
364043
400700
285186
1037793
373330
7393
834170
667439
385001
172503
392515
126903
16988
99495
345923
173758
30
421598
260821
319704
274212
12945
4801
119286
681093
602850
230746
267093
408175
311532
213563
188553
32873
401876
601696
592251
88283
206637
73144
706605
65285
221503
799970
370992
626781
545527
346370
353752
86580
175725
385393
293672
721064
136367
183408
273886
220862
253221
223562
302746
140700
576392
254252
518984
262753
232985
50860
337706
42379
133427
532480
57706
799291
71941
92133
3810
430251
453009
21131
265078
221133
545623
354008
8278
139904
397152
101885
207704
62494
12144
281923
15903
934033
240871
46410
641313
100000
666489
293795
1050600
1113691
617950
842117
643428
125746
128940
46872
95496
29168
322586
330364
1135716
139735
172424
225831
868842
341888
200994
313001
313792
507405
144092
142111
51602
543284
1072807
1334184
239901
264343
92397
116591
664656
135876
398313
1097311
358886
118443
269563
94088
377706
644361
361429
240229
1056297
45306
154873
476
789423
474583
8761
444532
901850
1563
395242
489773
594542
54366
976753
200426
683730
62055
121062
444274
672270
406973
528535
82479
39020
72237
937050
56188
163321
66236
399244
479155
306108
977882
919149
51433
356299
85853
591280
135529
233514
4198
579045
99322
259905
224908
711603
185905
315323
17097
284073
281899
196604
16587
8881
627652
97068
538844
806230
41493
78724
26232
87387
238487
843259
170596
656596
2991
191556
279932
744976
504906
310350
535674
15783
413597
10508
820675
274075
29442
36680
177014
211345
78573
385600
90092
144693
461613
2187
464709
23360
15443
85698
142368
843411
470777
19377
784795
253612
857704
404375
255784
93696
135343
317292
41866
194548
102906
949569
254655
696402
748061
223018
15109
491333
140910
15869
591449
551990
918454
1018558
246348
22621
355800
269870
199832
1750
478696
195279
1053469
387205
239626
241561
937430
782778
102998
192194
569897
3193
34569
776760
929357
523241
194584
392145
846685
360760
127166
23316
677562
48296
45642
640955
669871
198480
234753
50881
342240
138054
217364
790111
168657
153461
304273
35326
396151
412321
445111
208443
139329
172985
213268
46949
220968
121465
402430
222731
361174
105805
94275
331663
454311
327090
69295
176488
9941
782670
120529
774945
24631
235499
166581
176057
362822
152005
127996
229165
106362
1297794
190434
277965
834191
302982
44269
38357
226431
171226
742081
630366
266058
267669
937286
639326
30940
284685
235134
18149
465254
7936
602282
477425
209316
4086
175913
703309
31674
21714
31402
220642
192459
139291
810151
54023
220766
88783
488308
43824
128197
14828
499399
7335
280165
1228
78635
130714
699463
62743
1189
7032
703477
429327
234742
212411
107144
233086
75095
528418
53461
239780
126700
55659
591568
55970
13914
868719
286255
86229
1
243506
797212
588891
6875
22793
1348556
155095
29931
1099770
7879
4674
494093
93272
645895
135061
253802
300985
645906
663055
688129
304665
239530
174976
661661
327419
545403
30976
950760
950553
263710
88707
1137805
125679
900415
335468
8191
595144
678116
364169
946689
768982
56389
477617
577799
67065
848817
283823
402709
1009230
446042
806140
125052
51571
682807
144297
374370
210424
25887
648861
19063
305232
34223
109555
1067206
6352
57373
58263
327901
537196
36570
90105
224899
18333
220224
813620
144558
1081005
521391
413236
737455
597927
297202
209338
238225
632680
33284
21195
1002541
341354
176212
6726
10659
453240
36430
397570
208832
488389
225355
22432
635
495540
648993
546803
31676
249962
599779
746582
97189
68938
182908
20906
14673
105636
163313
94357
62968
4395
59736
185398
609318
42170
330953
392970
260564
778454
548782
847083
291406
15423
267203
146617
7787
113421
507813
374746
164193
306508
221253
120174
1053019
42759
30549
84363
1036778
99468
18793
430122
5089
142431
119990
828249
625757
56708
818116
34056
936810
369540
134384
173387
1091983
720773
203410
39610
205814
3092
485331
574793
543780
333391
580037
735189
72185
146646
274905
309304
35669
164232
155755
406985
96415
107947
204311
968065
268968
329414
256112
490508
582686
132543
793355
255463
393284
359063
23291
533259
666675
182875
976059
217008
489977
1811
200057
726297
206414
307251
118146
787746
691467
320929
175526
26293
176201
123362
60174
55274
596180
528912
986508
688655
700437
288829
652157
135642
971417
1076957
251613
1034080
868585
380086
1271912
37566
9561
521964
183275
292515
43706
76256
682472
626553
144863
782309
52456
55671
498486
294455
1162761
17162
204694
470401
932795
167083
47242
547570
823769
433886
6663
467110
360223
1084372
3759
484442
235223
179886
185690
57172
125831
50994
507809
100540
155730
314062
197476
740564
180469
778154
703580
413909
997692
460583
63002
492186
291951
5735
120940
144569
646469
139620
53912
164235
391014
151585
150477
1148342
792444
33287
506101
357199
542128
508551
44672
68314
459042
378387
828912
113826
262623
121035
253527
387963
187658
65125
108565
265092
117866
499243
315718
680827
344262
64782
168923
304218
496081
286015
593819
317453
93410
793009
125683
94950
23497
89820
770749
235170
582225
417824
314536
298710
155291
1104708
747431
523659
322485
840139
1023115
17849
101614
750452
388874
61421
235702
332863
167355
213736
629267
20357
68188
908279
17827
50061
138605
498587
1075886
14546
965987
804586
1312771
75665
272937
14251
174540
953170
1158325
96236
116854
23600
436930
320995
2798
956248
312972
85438
67538
17951
58486
87257
282859
346481
65408
154064
485213
416755
519088
715927
9497
595768
65363
837961
341851
35072
233612
206499
465032
15885
556811
152338
213737
200396
621086
261171
12221
523160
826194
442796
10823
960397
298450
743367
589528
316372
113343
3221
28255
4383
69653
14082
1204052
689396
47927
28901
440887
538435
987795
389195
211996
689535
1061588
495405
638991
924867
1070158
1951
434622
33283
746
9647
518276
256286
565244
61351
150810
194737
336804
411700
341697
12182
580116
84759
9047
310665
28744
391666
82600
889896
10881
971145
578739
183885
14718
294492
313018
749871
175772
428616
603295
306287
66263
256970
631838
426912
1161107
608248
309271
89588
1120827
5954
63853
260
1311160
941672
245556
325669
224331
96664
1243147
12590
700699
573417
4769
104901
1025406
316842
487416
11773
167331
965667
30537
477626
63727
515782
831712
53147
765283
614736
606032
1125344
418248
9169
205643
113925
789365
29366
351912
87016
83171
253823
94850
193121
198942
68993
104858
182764
1029986
631442
596845
74069
1003410
83288
99757
18590
923281
978460
728192
60
158482
12199
30138
32774
145520
111137
1457363
265575
646082
331107
90618
679860
361696
1706
262401
579841
242117
241712
200951
279494
262853
378209
1214248
86794
9354
46522
81149
135747
282040
615393
296362
102112
66783
31515
35747
1076269
509922
509543
637072
842652
467384
101952
635574
170500
710512
363620
144738
420551
9985
49712
158772
126838
692458
1148821
995107
275839
356836
963040
77072
262593
22653
1119114
230219
132381
630768
469493
80841
326606
115290
334452
146268
661556
149660
955075
932691
154045
44441
583075
3827
572967
49662
707612
722410
807427
980503
10026
928310
105707
21749
606340
989524
59127
52648
470569
110637
1
216934
12523
172035
548140
444181
245437
35675
813094
29391
111742
985327
984484
509629
81001
257909
103618
66108
15157
633033
652382
492905
55105
107565
19278
1085469
10365
261758
928327
562471
422868
865971
298173
1415153
64756
530330
143877
956364
480013
722393
293640
407125
6902
433440
66631
322517
55890
7368
631862
587317
205360
311306
147200
203344
826323
347889
51388
386221
818634
955570
50659
297800
724056
725056
132688
329921
135062
81740
1185065
263468
530666
845741
39773
352658
32702
109715
1342538
136067
728105
1329880
172589
110255
1125769
100923
119732
189789
938609
840835
80223
390575
351467
758690
251063
18937
358788
411794
856358
393192
267462
46916
172891
917986
297770
330342
228298
19896
154175
283267
219729
204530
327969
212989
821988
453478
1204989
257377
2124
300909
310792
1036455
81072
477576
85605
104919
410770
373956
940926
8550
80475
425569
195741
291289
958282
8415
546945
123617
120745
113368
19081
117661
32994
800535
638124
7896
233348
178436
129339
52429
789973
107544
1022562
498246
124753
16458
69036
722984
856070
274083
246417
119901
687342
81271
115314
44345
682449
493176
251605
741711
37509
34952
15154
753448
80656
489902
323715
49814
261634
704131
420804
222731
362057
141472
495337
810205
241439
41230
450946
25910
92177
83894
61461
1035009
314957
65533
172200
490331
120180
1028350
1203569
365592
72782
79972
118625
1221240
37926
1074718
77102
228998
72716
1385272
427604
321490
413840
528628
32945
267102
732483
569822
973806
256201
205882
5095
143542
88224
617067
8906
679
237254
83113
287
78214
314641
480607
28834
16859
9147
1190885
574969
113485
455724
841648
491242
492918
542024
804530
306059
563665
43725
99481
109795
408398
72945
586278
424725
122110
10465
3969
1469451
126319
120258
502881
755173
219701
1429102
18275
111906
396185
73606
4707
8914
34001
499701
347935
109109
742214
487379
18400
269124
46850
719425
701901
17058
1023889
368473
1
3344
586542
306884
232693
107022
679312
948694
360135
1125624
253006
741179
1026339
719805
292394
150123
173142
200843
477643
712180
221955
703947
203347
205899
513991
887787
60615
187069
110303
14276
121411
586234
1422
62582
361575
950055
1294763
24537
15490
1165938
70497
608251
66671
163180
405716
488400
573258
594773
478548
794006
81794
63825
707302
276424
54360
278458
933732
674466
169161
7330
95826
68062
521785
6784
433291
587804
464173
44594
188510
111095
477538
48424
109172
164178
103262
463000
1053030
250894
838299
219188
609250
284881
3478
757303
571006
94197
267909
81788
421876
25217
983750
301939
493232
468060
16871
101460
603271
334053
271698
1135724
158201
639198
444898
103609
432560
128077
338502
135324
22279
961256
587448
221794
356026
1183
691694
217329
39586
34953
405259
953158
1044751
729619
10660
896
799469
512164
1066372
414595
1004269
345851
125182
107517
1351152
264128
281492
4841
200777
936180
140631
347729
345940
111617
119451
238407
200597
1192442
1059688
934991
594433
183734
485493
783830
275566
648147
564314
695833
16617
1018901
139305
329577
432806
72272
35621
635446
641318
105314
174469
41709
248652
109585
202821
208674
239690
13801
421439
557321
54874
704316
194510
379285
61666
2780
934012
672486
1164960
479378
632990
803917
370109
44095
811113
299816
331852
802900
1396315
21350
1029214
232423
206626
161226
285765
25478
4196
13451
902430
838305
277818
129071
282345
998523
786
132495
2773
7458
1359266
96281
57320
716065
861647
297443
1166229
197798
556960
616453
55255
128181
417042
199991
264040
508588
443541
73230
385440
209029
439723
19440
13466
442506
714918
18328
1267889
27369
887839
1313150
111814
410501
807602
97336
45834
66236
717577
147395
133344
535066
451769
885288
1204298
537234
886940
218562
183899
519491
540311
63874
510259
76522
141614
24394
690930
380472
456735
442546
308780
902290
474471
283557
44769
274232
919153
251799
56144
58887
642394
1018364
150244
342079
419898
144156
506526
39311
1178941
324548
5782
191191
301761
1093473
282162
3555
239049
517610
412784
620745
783024
1010830
459135
127423
671225
1002350
162863
56189
26433
46671
167609
629565
275117
492763
564748
148768
220449
730722
549752
25570
431490
45447
55768
625002
969220
74877
176209
119705
66482
334060
1553989
118628
816417
159345
3267
147565
500277
51124
323234
193891
94310
192533
500867
143640
456120
271912
598868
573309
102661
178535
672730
67456
372404
1148866
9199
78662
807204
11210
126792
227984
651686
1134790
473344
873
350864
935366
37521
788142
835243
1139147
525643
831842
168641
19208
706789
151259
672211
79083
10614
284673
4681
559031
19163
194856
441268
456050
27680
62420
21067
286748
33757
681994
400801
256482
526243
367177
138769
445977
1170950
185418
388170
19086
180425
759670
840973
3366
25674
348140
447264
209763
432551
1201668
184143
59864
60724
443504
496306
214582
394000
747330
801781
111699
61490
47778
134277
37915
63360
1049270
54858
1519715
16871
299081
922
59275
89472
996233
189113
559245
275732
199856
16642
388863
351036
13485
281166
552789
100540
15542
80056
843316
966434
596079
224921
1078611
878897
857119
803545
297702
1353038
264902
383252
406381
1004040
4378
49846
499880
1229735
38128
367660
733163
347546
52743
353237
303068
548153
141086
129374
140979
180690
25957
625965
49423
693208
323901
25810
969014
36359
193951
678215
478406
409046
318372
382170
449535
147756
264069
41500
271096
561226
10529
112130
839745
1234079
202708
890663
388182
308408
778466
351330
180310
72606
392185
33755
78840
392515
480400
117221
46145
47415
1300165
353235
382185
123112
204565
573291
555946
41659
130257
831743
723337
145949
1407314
20948
128598
686470
1272390
89175
103875
18776
164004
313651
10949
167007
24120
416073
5560
350751
163926
508735
1297442
439125
179834
753532
439488
172272
294590
116165
131493
599502
1106668
418056
191695
349160
702157
137591
22873
965364
1291304
1032451
178858
235738
1
1254455
1004943
1151558
592030
286632
113019
18545
335099
94048
741350
70435
741774
913477
1445687
906795
128755
828757
149786
1047258
497600
653222
401730
578243
292162
724407
345797
534258
73068
370982
252078
654863
123388
515586
208610
54174
238056
544336
463138
9969
22344
204921
90017
218570
750391
37388
58470
452089
406812
354984
457222
328671
1001297
358718
107496
6818
451529
114756
48461
376895
1012600
93645
37960
98414
785985
1212274
885956
459352
75257
315127
581340
759873
1360659
700196
517970
417458
131588
825342
561412
8726
51142
32391
353028
205018
19768
174904
333716
360428
35444
53437
138944
657857
1128628
307324
1174573
154537
999472
425472
158207
372315
239677
20500
538050
83188
123488
13567
522096
551065
644940
320212
991661
185106
839561
626142
99533
193948
272704
112654
967464
101886
95751
860065
160944
288543
738960
372797
879519
677539
79042
727153
616678
132439
161071
167788
8000
20413
248299
295970
157986
970122
24121
587601
627042
745295
138214
747259
642340
124548
54801
775906
777765
131490
1044255
1095117
711545
1172194
52298
157337
512794
1059976
445676
657969
428957
57991
395966
233968
310592
1491465
480474
412882
97566
1
1113622
824634
289742
20696
79232
671536
372288
14643
525449
501552
305261
1021002
960919
723468
763944
312132
122137
868800
852485
221571
859909
169897
1004387
504849
83460
1147147
584904
43288
334083
187752
57700
72780
632731
832140
325704
191767
548572
612469
33273
340661
385360
249979
10399
27458
377631
40504
42948
107980
575284
577724
134203
947500
416218
66594
66618
731628
1037304
501207
48733
8880
206284
541647
746849
594118
3078
335248
466285
994497
960532
1099188
1138919
210341
278184
578137
56688
426372
3172
1051250
105083
848913
359110
15813
873067
447284
165140
1260990
98536
133286
5897
85371
133447
932541
669025
1162747
196982
243172
210348
717973
86048
1186485
290267
1115215
196251
111826
256297
430701
1662830
310462
71633
57545
1015647
64787
297967
509102
742626
1068707
262767
370505
176789
100628
120272
21836
196323
1170379
1315170
66155
1413483
395165
730968
188966
53590
166611
9931
604512
1396963
436859
2764
652638
7671
80086
190202
1299686
877962
254591
787154
59831
650200
517752
102966
1404729
436794
1116749
798795
8134
114957
220323
189026
109715
220351
109527
104077
205565
180218
575264
15122
130513
1112178
536866
528713
134238
381750
10357
161055
437024
1029885
121961
401121
543976
750678
233832
333189
617033
582365
502970
145656
547863
866462
108052
134550
357812
35195
652361
363497
1058922
413140
504717
45807
263178
50708
58942
37550
12987
791845
1357684
570659
421061
213318
558146
1174698
297472
52971
88906
937919
358685
639389
601029
1377007
1114668
386182
98042
96034
670703
48137
982430
999902
174628
899949
106673
49957
39434
861326
1527956
845005
3647
547238
185727
126382
252021
509097
171217
215157
477784
716800
410179
151
245687
1191220
656847
543889
838194
1225020
20731
209330
285777
63361
658268
1161277
58536
195810
629608
237124
230217
396480
132560
6070
7824
899131
722980
517077
1040118
3218
375265
703077
330343
16120
455649
40787
44796
147664
706711
897200
66324
660003
954338
93623
2949
63684
1117952
19027
22011
13348
11070
41873
62255
547724
1285950
534971
1039619
934813
93252
279817
279625
37267
73392
157746
1279083
572789
312699
437436
291249
456372
891550
418409
145288
314795
404514
25082
8522
12597
210131
327321
238276
501586
84964
1086078
31427
415080
486913
80029
41755
360866
63726
644188
248276
582690
6732
943320
103190
641456
481853
646397
188625
182750
195883
106926
5842
911029
430416
75444
22780
196666
379146
276152
1088810
732281
202753
209421
444251
411140
48937
141349
1060282
387888
265169
800901
57668
1176451
301552
874979
207138
720831
518061
68416
535939
47626
129935
40710
1157561
445939
218720
28476
410651
33632
78049
944869
50068
1084611
287581
930443
182715
400873
216607
131225
574967
963088
467317
329995
932465
731593
463953
2181
641172
370312
507828
158693
432634
114247
590647
823189
36269
602286
972164
157531
48446
258546
41952
278177
371186
460621
602903
17403
370602
239611
402241
14298
870113
313462
420343
363649
318929
247716
553254
31958
632663
424
1424158
479531
11546
1059478
56062
195460
1001527
276112
850
1117115
673402
868564
188684
1194657
1448236
16238
33290
668804
202684
1463889
958294
896113
232107
792315
466508
479620
129691
1520657
229130
350563
429551
807616
240913
425926
51054
436820
903020
702012
9288
8844
1145759
25441
250241
302087
1214525
118125
217841
369198
169604
1136146
129024
503722
1256669
198193
351777
382698
206501
312965
439926
27074
309975
1484819
422196
488535
1412268
38058
457648
19373
108869
74318
528354
974999
838896
553572
330954
102072
258374
935722
1482100
144729
815527
486829
167252
642748
271342
83469
150582
14404
952263
172007
1206090
622770
883423
148900
737671
658459
1216437
212688
374941
305817
753727
926198
520627
1228035
402536
61788
322415
66812
481232
1031336
1204452
303246
38031
181181
1366550
196677
86613
1204066
353550
491296
656352
147155
202409
54749
584968
807576
699
1179934
9166
1564
1185200
451965
1595706
146836
506138
1395606
313067
329595
271736
70994
104923
1446369
466786
343452
573607
61263
594493
739696
954348
223350
54546
121131
334257
974539
1065587
79158
1128691
66804
651620
1145635
185625
792074
9368
147089
221472
491504
209531
641159
1081411
1238306
583167
47165
167620
615990
374028
1582600
1100067
1592942
414490
375774
291720
608348
586456
368643
85819
139885
16604
39557
732606
8348
553509
1258866
198887
242303
314322
6699
434868
139690
268226
385917
1620556
214991
83757
1129192
408407
101309
968861
283654
132440
524596
3234
294276
149255
1354642
499492
904752
1161455
568441
46852
293884
22681
36171
579390
494845
251216
196701
427320
1800020
73511
14859
182212
70246
1205281
1444743
1113137
16899
400706
842398
94617
370878
141216
331064
260969
39692
3682
334329
251372
232442
88199
1159933
532135
299306
484994
85429
1559945
18010
1023732
123410
640808
1568357
843881
391658
517075
121474
36108
578536
49055
427029
595855
541609
470289
316059
931108
163638
3464
599727
145199
1327664
30316
1801089
364604
80434
150361
275506
505741
593464
585476
158480
41328
82896
206831
410785
354681
444123
312089
1101404
718757
900103
279308
516684
546374
779074
569066
48129
733824
449510
1336640
286505
272047
503901
115564
237359
418196
249373
405724
1039689
683720
141575
232575
179937
1098223
562921
1095640
1113480
1020466
852431
451399
1511054
395945
544620
599141
54118
751527
933058
134124
1152783
70265
1450540
1687
275964
1006612
55510
754051
516013
716012
13060
1437870
24590
99514
682941
111358
329232
1030508
143057
23776
516665
126586
66647
359370
900710
1137784
895044
115538
12837
371394
89334
168201
1593050
755981
816748
418088
442761
1172596
34718
9595
498809
366610
85712
2233
1086257
80724
334113
311257
340663
289649
223397
20169
158701
720910
1365115
487388
388671
233423
165896
243539
19127
71231
137783
24987
270666
8817
370639
4126
214698
281786
1397627
101571
1230221
29166
842386
339366
27057
114344
99445
78806
41730
32288
365804
37000
779139
67820
360695
37911
1373517
366289
1783165
788655
604505
244684
350911
150103
110115
49227
7244
344800
914306
433891
1423106
328313
1366614
363618
187222
702131
196537
43944
195267
115423
9939
132847
992311
132906
191039
199723
85625
363013
143822
386425
438427
2925
1007309
951038
730202
211479
1235396
793931
987768
1438989
655671
729278
142770
37251
494556
8848
350877
20694
313030
885371
27567
156004
431330
354713
1177402
276644
191259
432452
324734
528695
73784
16044
424000
19135
44316
61947
1256011
483557
79922
619782
115025
370722
500
370175
24036
43733
512617
67422
180811
309541
126983
250587
784127
1442481
340140
7954
1293094
205055
136333
90859
862209
591569
184239
23583
669135
354462
94405
476575
456688
113430
216434
746845
329801
432644
38278
1265151
629519
655322
1113065
910119
629517
485704
489408
26201
566415
197783
161578
1043839
477565
205082
1282591
154854
116028
610696
464720
684681
193103
446697
85270
19392
83886
25034
946006
1368611
396160
392846
356239
1010248
856093
1638837
284882
11789
371285
822977
22784
86754
434824
121748
249302
95854
109606
93653
249401
426282
444199
663770
741531
956230
1164362
13281
695216
265008
352895
35845
404867
631702
556366
203614
32148
1281344
8337
1040232
979707
396032
38175
817830
418868
372718
89960
91709
1322273
477725
334481
134138
233985
500759
258976
124062
1345696
73987
11541
575417
696083
782870
50985
129397
1858
995404
234710
1014848
66809
1566864
129673
447335
744884
252279
290291
549938
224347
30559
486882
80538
1190990
677389
401659
558557
972790
30198
650522
81949
319130
208134
679443
117714
893397
769978
1456673
528625
329853
144446
80205
353634
1275033
90233
1094817
18954
265787
334539
54890
364462
12270
527890
1048982
151282
888080
30452
155605
93932
896900
1486727
1230353
1365131
742
1174472
290774
228697
493995
53391
276483
828292
45586
375993
111824
697802
334790
109558
173267
92257
122240
781843
995464
638984
554553
89284
506164
716037
554017
76962
159463
140638
112596
114983
437622
305214
1462890
1533944
246976
539875
462820
857364
362635
524140
995494
186847
218364
772925
1475329
229722
312848
7154
351953
392661
195039
660273
135583
754438
18834
253300
21258
120635
57670
950444
181829
29702
196576
184766
102624
1218452
964356
354294
689342
1083879
952330
992402
30618
6119
669487
394390
370196
632144
1242805
191054
1211864
36199
253116
368124
21971
69091
373903
77073
1014470
654525
237883
703547
114785
280580
1586653
326160
650637
91258
9406
254045
792154
869338
612597
263147
1407754
1097659
97000
920723
82045
1494255
742314
1365707
565909
37082
190086
433153
325748
213551
910249
760197
668128
652943
620290
958628
572765
111420
119379
876424
393511
200413
610
1044894
61946
518987
11716
4210
469595
619807
306529
1172370
557288
83211
1428246
1887
14919
767549
1719585
932005
1504445
282376
1068958
1655820
272986
1275062
1224519
16
748640
600017
3042
150543
262293
1109103
540429
749243
82647
547013
395670
1215505
166459
205328
595117
892248
179836
51704
153094
447853
173527
122660
774860
214579
814278
709392
479113
2185
369905
838825
582959
506102
368288
218970
226984
262177
19969
1010559
922430
1852781
72457
13517
433137
224
523977
363842
847535
13612
54224
11560
1024988
142553
1353803
979002
158324
698678
700949
226322
864941
1146601
21102
17496
627278
226585
35391
585411
1017523
504846
333327
140535
4743
859223
59484
1099187
646815
147314
7508
434572
250264
412948
329747
480263
1757190
295488
201735
414278
748906
466131
1017051
1677
554074
172003
29820
258323
43945
150129
900183
85484
146040
1360926
73706
390768
1594381
107413
226879
104903
17025
415519
580328
8481
225321
26866
138417
572837
856186
86645
159390
92896
680019
44144
200564
160352
16037
1274700
1098080
210395
44915
92243
301770
890447
963658
1550250
202908
142058
148205
516578
371889
5121
451432
14604
747154
34130
47053
301750
15653
886731
1347194
1142147
526199
625652
160608
2563
74794
328805
232093
365102
153796
194333
729285
1578639
48885
973253
439642
1198468
1700895
1321007
611208
1317425
18074
372430
920905
255057
1030830
354013
1216814
1159540
261605
1051241
213937
915504
1305908
246730
938487
1505425
1007393
221493
385404
679739
880909
699284
388735
644943
211216
154488
233291
627099
304991
1377922
1001273
377708
57016
50585
63963
133623
27020
452512
525133
297131
134527
241877
1903681
330760
45961
952611
61692
178871
68159
817995
10433
223626
379790
134562
616687
476609
3302
69410
204583
385743
1323427
342312
527006
227856
550564
198450
526331
736093
38997
45488
1755799
1178974
565042
369401
506885
728822
1050594
55555
283108
56959
1137721
60331
173405
1804112
644061
10810
293776
1552991
582795
30671
142799
756675
70347
629258
544075
1022368
681256
1414367
310753
795111
211753
266498
828195
1459535
337643
475613
78627
1526410
39367
283583
1229804
44646
584344
1473655
77805
400294
1074518
692
293966
489948
3873
871902
517891
672089
